   1530 5
   1536 6
   1561 7
   1572 8
   1556 9
   1649 10
   1133 11
   1873 12
   1733 13
   1598 14
   3268 15
   1717 16
   1912 17
   2350 18
   2611 19
   2016 20
   2198 21
   2671 22
   2508 23
   6742 24
   3632 25
   2871 26
   3773 27
   5191 28
  14958 29
   5518 30
   4411 31
   4247 32
   4853 33
   4564 34
   5755 35
   5755 36
   6079 37
   8976 38
   8042 39
   8897 40
  10894 41
  12024 42
  10532 43
   9369 44
  12906 45
  12627 46
  20010 47
  30082 48
  16854 49
  14967 50
  17920 51
  16799 52
  17326 53
  20978 54
  24595 55
  23147 56
  20613 57
  25328 58
 100221 59
  28384 60
  32019 61
  21543 62
  18426 63
  19421 64
  20903 65
  25116 66
  24886 67
  26538 68
  26602 69
  28947 70
  27199 71
  30890 72
  37422 73
  49611 74
  34722 75
  37361 76
  55011 77
  35851 78
  34674 79
  45868 80
  37074 81
  32647 82
  33862 83
  25064 84
  31925 85
  35075 86
  27809 87
  25000 88
  27855 89
  27569 90
  30741 91
  32880 92
  57568 93
  41434 94
  29361 95
  25089 96
  23152 97
  35963 98
  66249 99
  36223 100
  26156 101
  25156 102
  22315 103
  29709 104
  30673 105
  19706 106
  17791 107
  30629 108
  24946 109
  22421 110
  25883 111
  18838 112
  18644 113
  21772 114
  39754 115
  24998 116
  20620 117
  21772 118
  22826 119
  20774 120
  25830 121
  19051 122
  17495 123
  14325 124
  13704 125
  12555 126
  11386 127
  12450 128
  12639 129
  11855 130
  12229 131
  13119 132
  11316 133
  13947 134
  12948 135
  12154 136
  18091 137
  10931 138
  12324 139
   9688 140
   8198 141
   7817 142
   7664 143
   6741 144
   5889 145
   6635 146
   5879 147
   6044 148
   5302 149
   5375 150
   4862 151
   4778 152
   4766 153
   4639 154
   4627 155
   4120 156
   3692 157
   4514 158
   4125 159
   3851 160
   4647 161
   4372 162
   3172 163
   3530 164
   3185 165
   3432 166
   3233 167
   2773 168
   2427 169
   2117 170
   2086 171
   2048 172
   2086 173
   3179 174
   2465 175
   1919 176
   1709 177
   1701 178
   1905 179
   1947 180
   1693 181
   1351 182
   1236 183
   1137 184
   1056 185
    951 186
    884 187
    771 188
    825 189
    830 190
    737 191
    747 192
    691 193
    698 194
    637 195
    569 196
    751 197
    733 198
    705 199
    636 200
    534 201
    477 202
    437 203
    456 204
    413 205
    485 206
    489 207
    490 208
    557 209
    599 210
    702 211
    612 212
    452 213
    397 214
    310 215
    318 216
    341 217
    292 218
    273 219
    234 220
    231 221
    241 222
    264 223
    222 224
    210 225
    177 226
    168 227
    190 228
    159 229
    155 230
    159 231
    146 232
    161 233
    141 234
    144 235
    159 236
    131 237
    116 238
    114 239
    100 240
    116 241
    102 242
    123 243
     99 244
    110 245
     91 246
     93 247
    103 248
     78 249
     91 250
     79 251
     57 252
     60 253
     67 254
     70 255
     83 256
     59 257
     56 258
     60 259
     59 260
     50 261
     51 262
     40 263
     40 264
     42 265
     59 266
     49 267
     54 268
     57 269
     40 270
     40 271
     45 272
     36 273
     40 274
     45 275
     44 276
     40 277
     42 278
     36 279
     37 280
     31 281
     44 282
     33 283
     26 284
     25 285
     40 286
     38 287
     26 288
     31 289
     35 290
     27 291
     31 292
     17 293
     29 294
     26 295
     23 296
     29 297
     30 298
     21 299
     21 300
     24 301
     25 302
     21 303
     27 304
     21 305
     16 306
     25 307
     21 308
     25 309
     15 310
     16 311
     20 312
     15 313
     18 314
     15 315
     20 316
     15 317
     22 318
     18 319
     20 320
     15 321
     12 322
     23 323
     15 324
     12 325
     20 326
     22 327
     18 328
     20 329
     12 330
     10 331
     17 332
      8 333
     21 334
      9 335
      4 336
     13 337
     21 338
      8 339
     11 340
     10 341
     16 342
      9 343
      4 344
     10 345
      9 346
     12 347
      8 348
      7 349
     16 350
     14 351
     14 352
     11 353
     14 354
      9 355
      9 356
     12 357
      8 358
     12 359
      9 360
     10 361
      9 362
      8 363
     11 364
      9 365
      5 366
      7 367
      8 368
      8 369
      8 370
      8 371
      9 372
     10 373
     13 374
     27 375
     30 376
     43 377
     45 378
     34 379
     40 380
     49 381
     55 382
     50 383
     57 384
     50 385
     54 386
     54 387
     51 388
     56 389
     41 390
     46 391
     43 392
     38 393
     41 394
     32 395
     18 396
     14 397
     12 398
